Optimization Results (Top 20 by PF)
================================================================================
RS    FVG   BO    Trades   WinRate    PF       Return
--------------------------------------------------------------------------------
85    0.5   1.0   13       100.0      inf      292.8
85    0.5   1.5   13       100.0      inf      292.8
70    0.5   1.0   23       78.3       4.57     283.9
70    0.5   1.5   23       78.3       4.57     283.9
80    0.5   1.0   18       72.2       3.68     213.2
80    0.5   1.5   18       72.2       3.68     213.2
70    1.0   1.0   10       50.0       0.89     -8.8
70    1.0   1.5   10       50.0       0.89     -8.8
70    1.5   1.0   10       50.0       0.89     -8.8
70    1.5   1.5   10       50.0       0.89     -8.8

Best Combination based on PF:
{'RS': 85, 'FVG': 0.5, 'BO': 1.0, 'Trades': 13, 'WinRate': 100.0, 'PF': inf, 'Return': np.float64(292.7559186943824)}